Webots Project File version R2023b
perspectives: 000000ff00000000fd00000002000000010000013e0000041dfc0200000001fb0000001400540065007800740045006400690074006f007201000000000000041d0000008a00ffffff00000003000006c0000000d9fc0100000001fb0000001a0043006f006e0073006f006c00650041006c006c0041006c006c030000000200000424000006be00000039000005800000041d00000001000000020000000100000008fc00000000
simulationViewPerspectives: 000000ff00000001000000020000014e000004300100000002010000000100
sceneTreePerspectives: 000000ff00000001000000030000001e000000c0000000fa0100000002010000000200
maximizedDockId: -1
centralWidgetVisible: 1
orthographicViewHeight: 1
textFiles: 0 "../../Applications/Webots.app/Contents/projects/robots/pal_robotics/tiagopp/controllers/tiago++/tiago++.c"
consoles: Console:All:All
renderingDevicePerspectives: TIAGo++:Astra depth;0;0.671875;0;0
renderingDevicePerspectives: TIAGo++:Astra rgb;0;0.671875;0;0
